25
5
100
25
25
1
5
10
5
50
5
1
10
5
1
25
1
25
5
5
25
25
1
1
25
25
50
50
10
100
1
1
1
1
5
25
1
10
1
5
1
10
25
10
25
10
10
25
10
1
50
5
10
1
5
25
1
10
5
1
10
25
25
25
10
25
1
1
1
25
25
100
25
10
1
1
10
25
10
5
25
25
1
1
5
1
50
25
10
25
5
50
100
1
25
5
10
5
5
5
1
100
1
25
1
100
25
10
1
5
25
5
5
10
10
25
1
1
25
10
25
25
1
1
100
1
1
1
1
100
100
25
5
1
1
5
5
1
25
10
5
5
1
100
1
1
1
1
1
25
100
1
25
10
1
25
50
1
25
1
50
1
10
1
1
1
1
5
100
50
1
5
25
25
1
10
1
25
1
5
5
25
25
25
25
1
10
1
5
25
5
1
5
1
1
1
1
25
1
10
1
10
1
100
10
25
5
25
25
1
10
1
1
1
5
50
25
100
10
1
5
100
5
100
5
1
5
10
10
10
1
5
5
25
25
25